TEMP: 46.347520 81.954685
HUMID: 10.000000 72.740582
AIRQ: -330.938567 1532.503152
ACCEL: -50.000000 9.626260
FACE: 0.191221 0.702919
